123461
123472
123471
123474
123478
123475
123480
123484
123483
123482
123487
123500
123498
123503
123511
123495
123460
123516
123522
123525
123526
123534
123529
123533
123528
123532
123542
123543
123549
123555
123558
123561
123565
123567
123572
123574
123582
123579
123589
123597
123598
123599
123604
123606
123615
123612
123611
123619
123618
123630
123634
123640
123645
123651
123652
123669
123665
123668
123684
123689
123705
123707
123712
123720
123722
123723
123724
123726
123729
123733
123736
123739
123743
123756
123759
123767
123768
123779
123781
123787
123791
123789
123801
123808
123814
123811
123817
123826
123830
123842
123843
123840
123862
123880
123882
123887
123893
123895
123896
123903
123904
123905
123907
123914
123916
123891
123924
123926
123932
123918
123941
123950
123952
123958
123957
123960
123929
123967
123968
123970
123971
123976
123987
123937
123998
