123460
123461
123471
123472
123478
123475
123474
123480
123482
123484
123487
123483
123495
123498
123500
123503
123511
123516
123522
123525
123529
123528
123526
123532
123534
123533
123543
123542
123549
123558
123555
123561
123567
123565
123572
123579
123574
123582
123589
123597
123598
123599
123606
123604
123612
123611
123615
123618
123619
123630
123634
123640
123645
123651
123652
123665
123669
123668
123684
123689
123705
123707
123712
123720
123722
123723
123724
123726
123729
123733
123736
123739
123743
123756
123759
123768
123767
123779
123781
123787
123789
123791
123801
123808
123811
123814
123817
123826
123830
123840
123842
123843
123862
123880
123882
123887
123896
123895
123893
123891
123903
123904
123905
123907
123914
123916
123918
123924
123926
123932
123937
123929
123957
123960
123952
123967
123968
123958
123970
123941
123971
123987
123950
123998
123976
