123460
123461
123474
123472
123475
123478
123480
123483
123484
123482
123487
123495
123498
123500
123503
123511
123516
123522
123525
123529
123526
123528
123532
123533
123534
123542
123543
123549
123558
123555
123561
123567
123565
123572
123574
123579
123582
123589
123597
123598
123599
123471
123604
123606
123612
123611
123615
123619
123618
123630
123634
123640
123645
123651
123652
123665
123669
123668
123684
123689
123705
123707
123712
123720
123723
123722
123726
123724
123729
123733
123736
123739
123743
123756
123759
123767
123768
123779
123781
123787
123789
123791
123801
123808
123814
123811
123817
123826
123830
123843
123862
123880
123882
123887
123891
123895
123896
123904
123903
123840
123907
123914
123916
123905
123918
123842
123893
123929
123932
123937
123924
123941
123926
123950
123952
123960
123957
123958
123971
123976
123967
123987
123968
123998
123970
